18.842      -15.130        25.863
21.401      -16.750        23.584
19.235      -16.973        20.460
17.194      -14.093        18.933
13.922      -14.070        16.925
12.563      -11.284        14.673
9.895      -10.641        12.014
9.989      -9.622        8.373
7.168      -8.362        6.178
9.329      -8.631        3.029
11.601      -11.669        3.387
11.019      -15.297        4.305
12.238      -16.390        7.753
13.127      -20.013        8.376
14.213      -22.243        11.218
17.423      -24.238        11.716
17.948      -26.654        14.591
21.502      -26.608        15.854
22.129      -29.131        18.615
18.456      -29.073        19.620
18.336      -25.253        19.524
16.053      -23.622        16.973
17.426      -20.416        15.414
15.745      -18.315        12.748
17.551      -17.168        9.616
16.982      -15.601        6.211
18.611      -17.447        3.272
20.111      -15.303        0.522
19.942      -15.371        -3.265
19.938      -13.180        -6.378
16.287      -14.136        -6.952
15.475      -12.013        -3.880
16.802      -8.722        -5.299
13.414      -7.527        -6.604
12.320      -7.403        -2.912
14.885      -4.691        -2.130
12.666      -1.706        -3.066
10.085      -2.832        -0.428
12.743      -3.451        2.201
14.196      0.027        1.513
10.944      2.003        1.707
11.716      5.553        2.809
15.355      5.480        1.625
16.485      7.624        -1.333
20.217      7.867        -0.554
22.487      5.340        1.182
25.668      7.042        2.392
28.643      4.702        2.670
31.169      6.470        4.904
34.802      5.428        4.552
36.733      3.322        2.021
38.863      0.787        3.893
38.195      -2.953        3.554
34.422      -3.295        4.039
33.214      -0.103        2.298
34.709      -0.795        -1.168
33.137      -4.279        -1.171
29.784      -3.296        0.350
29.301      -0.163        -1.813
29.842      -2.189        -5.010
27.709      -5.196        -3.951
24.946      -2.759        -2.953
25.107      -0.786        -6.202
25.081      -3.984        -8.329
22.199      -5.463        -6.324
20.144      -2.268        -6.555
20.815      -2.059        -10.308
19.609      -5.649        -10.710
16.512      -4.726        -8.674
15.933      -1.748        -11.019
15.843      0.446        -7.901
16.425      4.215        -7.857
18.251      4.338        -4.495
21.577      6.249        -4.841
24.787      4.945        -3.237
27.055      7.839        -2.344
30.531      7.507        -0.843
31.466      10.073        1.816
35.151      10.620        2.554
37.365      12.682        4.812
38.876      16.069        4.087
41.760      15.415        1.723
41.409      11.654        1.679
43.629      9.635        -0.661
40.713      7.227        -1.095
38.956      9.643        -3.486
41.012      8.295        -6.396
40.199      4.703        -5.414
36.482      5.406        -5.201
36.539      7.132        -8.617
38.336      4.069        -9.994
35.490      1.938        -8.592
32.873      4.031        -10.363
31.780      6.614        -7.796
32.312      10.224        -8.888
31.556      13.786        -7.885
29.933      14.500        -11.276
27.347      11.737        -10.799
26.895      12.840        -7.193
27.978      9.423        -5.909
31.154      10.723        -4.218
31.617      13.609        -1.797
32.521      15.044        1.609
31.885      12.778        4.576
29.796      15.251        6.577
27.774      16.409        3.575
27.118      12.810        2.592
25.925      11.983        6.126
23.517      14.925        6.258
21.780      13.894        3.028
21.485      10.144        3.634
18.453      8.160        4.818
20.634      5.159        5.653
24.191      5.941        6.874
26.715      3.079        6.776
29.523      3.995        9.189
32.474      2.102        7.710
35.551      3.910        9.098
37.989      2.500        11.676
36.486      1.595        15.041
38.868      3.969        16.877
37.790      6.802        14.493
34.127      6.053        15.333
34.909      6.210        19.064
36.627      9.599        18.722
34.195      11.253        16.268
30.729      9.889        17.092
29.417      13.274        18.274
29.952      14.856        14.824
28.374      11.874        13.059
25.339      12.135        15.340
24.976      15.914        14.918
24.965      15.420        11.144
22.314      12.655        11.032
18.862      13.569        9.711
16.216      13.212        12.427
14.491      9.841        12.004
17.129      8.504        9.614
18.953      5.189        10.157
22.539      4.549        11.361
24.021      1.207        10.316
27.201      -0.311        11.721
29.077      -3.447        10.635
30.520      -4.021        14.139
29.181      -3.411        17.669
32.423      -1.693        18.874
30.854      1.809        19.105
28.244      0.577        21.626
31.005      -0.875        23.809
32.844      2.429        23.694
29.709      4.448        24.505
29.044      2.055        27.414
32.526      2.789        28.839
31.535      6.479        28.844
28.023      5.900        30.196
26.558      7.183        26.920
24.197      6.052        24.147
22.943      6.826        20.663
20.664      9.811        19.899
17.012      9.051        20.667
15.729      10.241        17.279
17.405      7.716        14.944
17.186      3.978        14.372
20.388      2.004        15.019
21.028      -1.288        13.208
23.962      -3.480        12.177
24.815      -5.991        9.437
28.138      -7.689        10.219
29.784      -9.831        7.518
31.584      -12.777        9.106
34.502      -12.544        6.647
37.013      -10.068        5.222
35.926      -7.237        2.907
37.791      -8.617        -0.148
35.983      -11.976        0.272
32.575      -10.223        0.457
33.253      -8.603        -2.966
34.953      -11.575        -4.625
32.340      -14.199        -3.648
29.555      -11.822        -4.695
31.153      -11.503        -8.164
31.631      -15.274        -8.519
27.984      -15.588        -7.485
26.764      -13.660        -10.554
27.186      -16.856        -12.602
24.835      -18.766        -10.271
22.040      -17.687        -7.894
24.417      -15.521        -5.872
27.135      -16.047        -3.308
28.851      -14.091        -0.557
29.703      -14.190        3.170
27.251      -15.068        6.017
26.216      -12.065        8.133
24.743      -11.389        11.588
22.356      -8.445        11.969
21.069      -6.419        14.922
18.289      -3.909        15.672
19.514      -1.811        18.594
17.071      1.071        18.230
13.965      1.327        16.053
12.100      4.641        15.822
9.531      3.817        13.091
9.320      0.069        12.507
11.410      -0.127        9.312
14.623      -1.233        11.079
14.349      -5.041        10.697
13.612      -4.974        6.941
16.250      -2.330        6.184
18.928      -4.455        7.894
17.583      -7.597        6.179
17.679      -5.919        2.738
21.196      -4.589        3.330
22.481      -8.101        4.203
20.702      -9.691        1.206
22.090      -6.963        -1.104
25.621      -7.902        0.128
25.109      -11.525        -0.954
24.860      -13.189        2.478
24.071      -16.928        1.952
22.419      -16.871        5.393
21.780      -14.067        7.889
21.177      -14.654        11.620
20.231      -12.344        14.490
22.404      -11.062        17.344
22.782      -7.853        19.395
25.451      -5.157        19.241
26.900      -6.362        22.557
26.909      -10.085        21.697
28.515      -9.185        18.332
31.370      -7.085        19.712
32.163      -9.678        22.429
32.403      -12.630        20.013
33.912      -10.629        17.149
36.791      -8.751        18.830
37.624      -12.062        20.542
37.342      -14.290        17.438
39.742      -12.299        15.293
42.356      -12.420        18.066
41.556      -16.113        18.410
41.339      -18.867        15.763
40.701      -16.429        12.870
43.970      -14.446        12.778
45.967      -14.106        15.997
45.977      -17.743        17.097
46.522      -19.382        13.701
49.430      -17.022        13.029
50.842      -17.984        16.442
50.350      -21.718        15.868
52.092      -21.449        12.492
55.143      -19.556        13.844
55.371      -21.920        16.839
55.280      -25.181        14.883
57.535      -23.965        12.032
60.262      -23.243        14.611
59.713      -26.646        16.256
59.796      -28.523        12.918
62.992      -26.787        11.712
64.530      -27.321        15.195
63.877      -31.042        14.647
65.759      -30.929        11.354
62.838      -30.650        8.916
63.838      -28.390        6.012
62.400      -24.872        5.941
60.399      -25.764        2.804
58.883      -28.877        4.410
58.199      -26.995        7.692
56.184      -24.290        5.896
54.214      -26.925        3.892
53.440      -28.961        7.023
52.164      -25.843        8.806
50.705      -23.077        6.564
49.964      -25.106        3.396
48.506      -27.914        5.486
46.140      -25.638        7.441
45.056      -23.339        4.584
44.706      -26.175        2.071
43.566      -29.709        2.969
42.482      -28.943        6.566
40.366      -25.961        5.454
38.754      -27.773        2.498
37.792      -30.797        4.622
36.456      -28.722        7.510
34.477      -26.520        5.064
32.448      -29.292        3.414
32.647      -32.301        5.719
33.733      -30.984        9.092
36.314      -31.799        11.763
35.391      -35.451        12.373
35.859      -36.191        8.664
39.338      -34.650        8.896
40.270      -36.788        11.900
38.863      -39.797        10.043
40.948      -39.121        6.924
44.070      -39.802        9.039
45.825      -43.173        9.189
45.824      -45.151        12.443
49.238      -43.644        13.295
48.104      -40.217        12.123
45.252      -40.338        14.613
47.711      -41.151        17.401
49.759      -38.041        16.576
46.700      -35.821        16.177
45.690      -37.073        19.672
49.067      -36.226        21.258
48.883      -32.704        19.826
45.221      -32.212        20.802
45.648      -33.541        24.350
48.574      -31.226        25.091
47.316      -28.133        23.251
43.661      -27.864        24.292
44.002      -26.284        27.748
46.982      -23.945        27.136
45.003      -22.626        24.126
41.877      -22.225        26.313
43.953      -20.320        28.897
44.726      -17.517        26.395
41.263      -17.562        24.746
39.639      -17.252        28.194
41.896      -14.251        29.057
41.243      -12.552        25.710
37.439      -12.930        25.957
37.269      -11.336        29.406
39.468      -8.395        28.295
37.028      -7.758        25.434
33.935      -8.093        27.616
35.378      -5.890        30.389
36.163      -2.906        28.157
39.953      -3.265        28.497
40.571      -4.333        24.896
38.179      -1.755        23.395
39.954      1.077        25.234
43.325      -0.365        24.073
42.265      -0.126        20.403
40.984      3.465        20.776
44.323      4.562        22.270
46.313      2.663        19.627
44.450      4.695        16.993
45.713      7.954        18.487
49.308      6.638        18.501
49.261      6.666        14.686
49.759      10.464        15.080
52.491      12.496        16.782
51.478      13.801        20.218
53.023      14.587        23.640
56.440      15.137        22.046
56.500      11.501        20.933
56.672      10.015        17.383
53.879      8.324        15.422
53.751      4.517        15.283
51.762      3.108        12.328
51.476      -0.703        12.149
54.507      -2.458        10.708
54.998      -5.474        8.454
54.455      -8.956        9.859
55.695      -11.022        6.921
59.301      -10.029        6.303
60.720      -12.643        8.620
62.355      -16.050        7.929
59.280      -18.254        7.581
57.390      -15.850        5.297
60.374      -15.319        3.023
60.557      -19.139        2.845
56.808      -19.093        2.080
57.367      -16.909        -0.976
59.819      -19.504        -2.347
57.443      -22.420        -1.704
54.628      -20.621        -3.513
56.851      -19.677        -6.478
57.151      -23.341        -7.521
53.684      -24.394        -6.385
51.379      -26.029        -8.975
47.867      -24.585        -9.344
45.282      -26.530        -7.315
47.824      -27.783        -4.783
46.143      -28.704        -1.461
49.256      -29.343        0.647
50.083      -32.222        3.015
47.896      -33.342        5.900
50.437      -33.386        8.718
48.746      -35.139        11.757
50.391      -33.183        14.571
49.578      -29.821        12.929
45.914      -30.820        12.529
45.832      -31.790        16.192
46.960      -28.354        17.399
44.722      -26.409        15.007
41.560      -28.413        15.737
42.254      -28.335        19.513
42.324      -24.515        19.496
39.241      -24.444        17.243
37.394      -26.664        19.763
38.710      -24.695        22.749
37.370      -21.464        21.211
33.993      -23.126        20.638
33.790      -24.104        24.323
34.719      -20.614        25.603
31.899      -19.116        23.491
29.416      -21.743        24.718
30.177      -21.120        28.397
30.078      -17.358        27.826
26.626      -17.416        26.207
26.555      -17.224        22.422
24.183      -18.812        19.882
25.462      -21.720        17.758
25.057      -19.662        14.547
27.349      -17.068        16.052
29.819      -19.634        17.454
30.022      -21.643        14.219
30.598      -18.629        11.972
33.138      -16.991        14.317
35.119      -20.194        14.981
34.768      -22.403        11.874
33.067      -21.096        8.694
34.854      -17.736        8.477
38.288      -19.354        8.873
37.838      -21.937        6.100
35.522      -20.118        3.630
36.779      -16.531        3.948
40.239      -16.105        5.541
42.476      -19.142        5.005
42.260      -18.968        1.176
44.111      -15.628        1.324
46.943      -17.054        3.433
47.223      -19.967        0.952
47.293      -17.354        -1.838
50.014      -15.086        -0.421
50.932      -15.680        3.230
49.947      -14.219        6.594
49.854      -10.548        5.561
47.556      -11.229        2.614
45.071      -12.632        5.189
45.585      -10.456        8.315
46.189      -7.062        6.674
43.060      -7.229        4.501
41.067      -7.151        7.759
40.091      -4.111        9.917
42.378      -1.838        11.940
40.858      -3.409        15.069
41.590      -6.938        13.749
45.125      -6.111        12.531
46.055      -4.653        15.969
44.430      -7.619        17.708
46.295      -10.198        15.587
49.651      -8.508        16.375
48.839      -8.355        20.103
47.645      -11.932        20.596
49.572      -14.086        18.076
52.705      -13.866        20.277
50.687      -15.089        23.318
49.502      -18.231        21.554
53.027      -18.855        20.253
54.607      -18.582        23.747
52.114      -20.671        25.698
52.139      -23.465        23.153
55.997      -23.574        23.256
56.215      -23.330        27.078
53.364      -25.683        27.960
51.903      -27.871        25.175
55.119      -28.792        23.372
56.964      -29.352        26.646
54.193      -31.751        27.670
54.484      -33.681        24.392
58.241      -33.913        24.856
57.753      -35.138        28.435
55.664      -38.002        27.074
52.467      -36.703        28.671
49.523      -39.153        28.895
46.711      -38.713        26.394
43.706      -37.203        28.129
41.166      -39.825        27.093
38.050      -37.952        28.210
39.224      -34.982        26.133
39.549      -37.083        22.963
36.244      -38.809        23.715
34.420      -35.494        24.153
35.928      -34.130        20.941
34.685      -37.143        19.015
31.185      -37.005        20.578
30.869      -33.213        20.605
27.410      -31.946        19.427
28.936      -29.026        17.516
29.902      -31.409        14.676
26.323      -32.193        13.631
25.438      -28.468        13.995
28.335      -27.591        11.662
26.853      -30.036        9.152
23.435      -28.361        9.334
25.027      -24.980        8.574
27.104      -26.518        5.741
23.876      -27.259        3.832
23.033      -23.519        3.533
26.356      -22.925        1.824
26.351      -22.094        -1.954
28.221      -24.279        -4.424
30.793      -21.535        -5.056
34.202      -21.662        -3.339
36.233      -18.417        -3.253
38.878      -17.878        -5.955
41.909      -15.847        -4.789
45.339      -15.581        -6.423
48.484      -13.618        -5.518
47.670      -10.891        -8.067
44.093      -10.426        -6.835
42.862      -6.932        -7.720
39.985      -6.856        -5.199
42.146      -6.638        -2.039
43.240      -3.479        -0.174
45.072      -1.086        -2.573
48.362      -1.330        -0.635
48.200      -5.119        -0.869
47.548      -5.332        -4.628
50.046      -7.166        -6.888
52.090      -10.388        -7.066
