 32.180  14.680 -11.760
 34.880  13.600  -9.380
 35.820  10.000  -9.500
 34.960   9.700  -5.840
 31.280  10.020  -6.780
 31.460   6.580  -8.340
 32.660   4.920  -5.100
 30.220   2.840  -3.080
 29.160   4.220   0.320
 31.500   3.320   3.140
 30.040   2.720   6.640
 33.520   2.120   8.120
 34.500   0.160  11.220
 32.800   2.320  13.940
 29.440   1.360  15.440
 27.500   4.580  15.440
 24.360   4.860  13.240
 24.700   8.340  11.520
 22.460   8.840   8.460
 24.440  10.440   5.660
 23.980  10.940   1.880
 25.980   9.340  -0.800
 25.760   9.720  -4.620
 24.460   6.500  -6.120
 25.920   6.760  -9.700
 23.840   3.840 -10.940
 20.560   5.700 -10.040
 21.960   9.240 -10.600
 20.580  10.440  -7.260
 21.860  11.020  -3.720
 20.500   8.460  -1.240
 20.940   7.820   2.480
 23.200   5.260   4.060
 24.340   4.480   7.640
 27.800   5.860   8.440
 29.540   4.240  11.480
 31.160   7.360  12.720
 34.800   7.200  11.860
 37.020   7.040   8.800
 34.620   8.620   6.380
 35.440   8.540   2.620
 34.640  11.360   0.160
 31.220  10.140  -1.060
 29.680  10.980   2.280
 27.720  14.180   2.680
 25.660  15.800   5.380
 23.060  17.180   3.060
 21.440  16.200  -0.180
 22.220  19.620  -1.640
 25.960  19.280  -1.080
 25.820  15.740  -2.480
 23.960  16.860  -5.580
 26.100  19.960  -6.040
 29.300  17.880  -5.920
 28.320  14.760  -7.820
 25.220  15.180  -9.780
 23.520  16.160 -13.020
 20.040  15.140 -14.140
