32.18	14.68	-11.76
31.734122615509495	14.551704065891991	-11.361199992390702
31.284753125167914	14.427670922464872	-10.975399958984696
30.829904503508857	14.310599245973131	-10.610964884380932
30.368004561543685	14.202999751511427	-10.275847470992934
29.897969859724963	14.107138605887096	-9.977439754862502
29.41923420404137	14.024987380501178	-9.72242523202825
28.931730810683487	13.958182071309587	-9.516639040652784
28.435833060493426	13.907993492859964	-9.36494480369844
27.9322639212762	13.87531072187376	-9.271136294845974
27.421987467896482	13.860638308709161	-9.237870262079248
26.906096850628682	13.864106852634192	-9.266633939856868
26.38571156631342	13.885495441399334	-9.357747584383922
25.861893550140845	13.924263563884521	-9.510399374449763
25.33558733083773	13.979589540038646	-9.722707706302842
24.807585226090577	14.050412325896865	-9.9918045411724
24.278515056784602	14.135473723092367	-10.313933080121345
23.74884556857305	14.23335847837553	-10.684553501193735
23.218903773218198	14.342530397546527	-11.098451546911635
22.688898598936067	14.461363315308828	-11.54984611442535
22.15894624804491	14.588166469085628	-12.032493427176725
21.629094127382274	14.721204457396297	-12.53978667506565
21.099341792754572	14.858712484663906	-13.064851094104897
20.56965875164646	14.998907987658214	-13.600635271519174
20.04	15.14	-14.14
